link_arm_1_xyz  = [ 0.0102112642270262, 0.0397887357729738, 0]
link_arm_2_xyz  = [-0.425, 0.0479521392077196, -5.04698321809284E-18]
link_arm_3_xyz  = [-0.37499896693226, -0.0499499434508651, 1.40926562802143E-08]
link_arm_4_xyz  = [ 0.0557979256916667, 0.0449730992840096, 3.2724099398948E-17]
link_arm_5_xyz  = [ 0.0102112642270262, -0.0397887357729738, -1.38777878078145E-17]

joint_arm_1_xyz = [ 0, 0, 0.01]
joint_arm_2_xyz = [ 0.04995, 0.0500000000000008,  0]
joint_arm_3_xyz = [-0.85,  0, 0]
joint_arm_4_xyz = [ -0.75, -0.09995, 0]
joint_arm_5_xyz = [0.15, 0.05, 0]